s 80 06 0300 0409 0102 258 <
s 80 06 0304 0409 0102 258 <
s 80 06 0300 0409 0102 258 <
s 80 06 0304 0409 0102 258 <
s 80 06 0300 0409 0102 258 <
s 80 06 0304 0409 0102 258 <
s 80 06 0300 0409 0102 258 <
s 80 06 0304 0409 0102 258 <
s 80 06 0300 0409 0102 258 <
s 80 06 0304 0409 0102 258 <
s 80 06 0300 0409 0102 258 <
s 80 06 0304 0409 0102 258 <
s 80 06 0300 0409 0102 258 <
s 80 06 0304 0409 0102 258 <
s 21 09 0210 0001 0007 7 = 10ff8000 000100
s 21 09 0210 0001 0007 7 = 10ff83b5 200000
s 21 09 0210 0001 0007 7 = 10010102 000000
s 21 09 0210 0001 0007 7 = 10010112 010000
s 21 09 0210 0001 0007 7 = 10010112 020000
s 21 09 0210 0001 0007 7 = 10010112 030000
s 21 09 0210 0001 0007 7 = 10010112 040000
s 21 09 0210 0001 0007 7 = 10010112 050000
s 21 09 0210 0001 0007 7 = 10010112 060000
s 21 09 0210 0001 0007 7 = 10010112 070000
s 21 09 0210 0001 0007 7 = 10010112 080000
s 21 09 0210 0001 0007 7 = 10010112 090000
s 21 09 0210 0001 0007 7 = 10010112 0a0000
s 21 09 0210 0001 0007 7 = 10010112 0b0000
s 21 09 0210 0001 0007 7 = 10010112 0c0000
s 21 09 0210 0001 0007 7 = 10010112 0d0000
s 21 09 0210 0001 0007 7 = 10010112 0e0000
s 21 09 0210 0001 0007 7 = 10010112 0f0000
s 21 09 0210 0001 0007 7 = 10010112 100000
s 21 09 0210 0001 0007 7 = 10010112 110000
s 21 09 0210 0001 0007 7 = 10010112 120000
s 21 09 0210 0001 0007 7 = 10010112 130000
s 21 09 0210 0001 0007 7 = 10010112 140000
s 21 09 0210 0001 0007 7 = 10010112 150000
s 21 09 0210 0001 0007 7 = 10010112 160000
s 21 09 0210 0001 0007 7 = 10010e2f 802a00
s 21 09 0210 0001 0007 7 = 10010e3f 010000
s 21 09 0210 0001 0007 7 = 10010e3f 020000
s 21 09 0210 0001 0007 7 = 10010e3f 030000
s 21 09 0211 0001 0014 20 = 11010f0f 00000000 00000000 00000000 00000000
s 21 09 0210 0001 0007 7 = 10010e8f 000000
s 21 09 0210 0001 0007 7 = 1001105f 010000
s 21 09 0211 0001 0014 20 = 11010f0f 00000000 00000000 00000000 00000000
s 21 09 0210 0001 0007 7 = 10010e8f 000000
s 21 09 0210 0001 0007 7 = 1001105f 010000
s 21 09 0210 0001 0007 7 = 10010502 000000
s 21 09 0211 0001 0014 20 = 11010f0f 00000000 00000000 00000000 00000000
s 21 09 0210 0001 0007 7 = 10010e8f 000000
s 21 09 0210 0001 0007 7 = 10ff80a3 000000
s 21 09 0210 0001 0007 7 = 10ff80a3 000000
s 80 06 0302 0409 00fe 254 <
s 80 06 0302 0409 00fe 254 <
